13858
14245
-6919
4983
-2128
-4369
-9471
9744
1838
-8956
3438
-8291
-4382
-5910
5199
-3450
1135
1227
-13797
-11146
14070
7136
13347
7429
-9412
4321
3449
-1436
4941
4315
-3343
4701
-6272
-2819
-11522
2400
4906
-4921
11146
-790
-4080
5869
-1971
2079
15317
38
-1713
-5585
-1749
-9300
-10382
10011
-10425
-8592
-3744
-11733
-13276
2018
-9828
-7601
11693
3884
-7226
6417
12095
11291
7449
6785
8083
-12866
-628
8248
3714
-459
-13600
9069
14270
-13628
14396
-932
7221
-2105
12999
-12936
-8331
2309
10219
15192
13644
4493
13931
-5577
-12836
12335
4761
9917
-12249
-4809
-2579
-11442
-856
-13756
-5339
4677
14783
-11491
-11519
7361
-4635
6243
3711
-13191
-9039
-10040
10427
-12584
-6584
15405
-589
6557
1517
6984
-2291
-668
590
-3057
-1387
6428
9651
-6430
-6110
5548
5764
-8647
13439
15100
-12580
-10200
4691
1938
11182
-9189
3433
-8814
-12110
-13372
-10415
-5367
1351
-5391
-3820
10360
-3544
-13387
-6798
7709
-7793
14961
9131
10175
12987
13513
-7235
8120
-13174
11124
8775
10151
636
-9176
12775
5961
5638
4350
13650
14017
1290
9019
5171
12813
-3270
2734
-12240
7617
-3693
3599
-3820
-12064
-5585
-11236
-3398
-1173
10767
14414
-10784
14062
4481
-4324
-5701
-4632
-8273
9499
-9832
4639
11753
3731
-7638
3689
-10951
1065
14193
9877
-13774
-6254
-7152
-2902
12335
-5475
24
-10901
5570
-11808
13985
-2535
-8281
13603
4889
-5134
10785
-2552
11344
482
14243
9041
15338
-9278
561
-2852
2776
8383
10569
8463
-2964
-13936
5202
3103
-9429
14586
10357
6593
4511
11794
-10904
1756
7756
-6806
-3806
9516
-7062
13493
-4869
-8738
6981
8691
6409
8976
9884
1178
10500
13808
11896
13977
8930
9995
-5016
-10976
-4674
1652
9900
9961
13219
7799
-12660
3697
9650
-9872
11926
5454
-6050
-12120
-8095
7464
809
8728
9289
4633
-13357
-5227
-3073
2508
5969
-7545
285
579
9853
-6208
-6839
-6667
-4788
-9443
15046
-7223
10916
11057
-3149
-7074
14214
12475
-11032
-4146
-5719
-12862
-13403
-6762
-4380
-931
-13254
3307
-6581
1639
12219
11474
12842
5037
8856
6481
-13750
8594
14398
-10798
10359
3101
-7160
-13481
3283
1699
-2552
4545
6556
9946
13309
-9796
12595
-6485
1623
4675
-9425
4376
10760
3766
-10128
13305
-5637
-3752
-5294
-12703
540
10247
-12007
-11342
-7769
9224
-4521
-6198
7643
-8733
-13704
4624
11528
14810
8563
-959
-13749
-5451
-147
8270
11234
-5544
-11620
1532
-2158
8358
-4065
5621
-6943
-2927
1804
-10336
-4734
5287
10333
3373
2270
147
-2288
-10139
1213
3447
-9095
11037
8863
-2405
9991
-5138
-4769
4625
4063
-10531
-5204
-6141
-6751
4171
-12776
-1897
-2004
-1861
2294
-7095
-2824
-10695
352
-1270
-13511
6233
5925
15288
-6043
-7367
9190
-13960
8156
12994
1954
15232
2419
12482
8218
1457
-3861
-2141
4031
11591
-4237
-12253
2412
4149
11695
5288
13721
2154
-12909
3538
1555
11758
4331
-897
-9585
-3372
-9797
3731
2451
-10946
-12643
-11800
-986
12826
-9389
-12264
8393
9224
-2337
4416
8141
-9197
11418
-8339
467
9570
3543
13524
-12621
-5384
12534
-2795
9534
-11417
-9254
613
-1369
12092
162
-2238
-7497
-4122
10207
-2123
5987
2553
15321
303
3046
-5419
-8456
-8345
8659
3954
-4893
1613
-2416
-3197
-767
-11433
699
12033
7458
-12724
-9871
7936
12776
12341
-5492
8153
852
-7357
6333
-7221
-9560
-4211
5171
8369
10273
-4261
-13647
13806
-12241
-11972
14270
-4409
2055
2406
12153
-3910
5166
11228
-1672
-4649
-6364
-8994
-1272
-8423
-11019
-1692
5696
3508
-1736
-13592
-6116
681
-10474
-6244
3071
10361
6696
-4812
3833
-7761
12575
-79
5722
-2574
9254
-11490
5938
-8627
4726
2625
-13890
-10100
-7083
14387
816
-13841
11286
-6228
7844
12282
13880
-2879
9527
-10630
14507
-7531
-6134
2082
-12779
-3073
-3944
9148
8854
-2084
-12226
12004
11796
-5951
11603
-6283
-756
-9469
10009
9397
15269
-3259
-2699
7012
2115
-9960
3698
9809
10898
3141
6816
-6172
8037
-5830
12199
-4779
-10419
-13244
12383
7306
3771
743
-11107
2693
4474
-9383
5486
1300
-6161
-4208
-69
-5627
-8234
970
-2257
10909
14705
-3536
-11258
-3873
9750
5963
-11041
7475
2780
-6995
10337
2166
14633
5771
-4453
760
-3006
8323
5727
-8853
5251
971
-10923
6610
-12823
-13657
-13405
5825
3728
6713
5428
-1178
5140
-1843
13813
-11902
654
-12737
-2220
13563
4183
-11301
13776
9270
9789
-9011
-12834
15222
-291
13783
-9763
-6724
15391
-7483
-3146
13856
8805
-7597
-3688
-6470
-5099
677
15107
-421
1296
-6712
-10014
-774
4569
3616
3605
4236
-4533
3333
15313
4116
-85
14790
13861
8628
7323
-10663
-6945
-8941
-2598
6221
4218
-11031
-10489
-7909
11662
-8830
3955
-9332
-7078
-8192
5215
-6523
3757
5845
4450
-11304
5828
10287
-3118
10560
7145
-4274
11707
-4193
13050
-12964
-9508
-5769
-3158
-3519
-12438
-13416
11116
11299
2517
-2383
10284
14506
-8366
-1155
-2994
13217
-63
7505
-9875
12326
8536
-2157
-9613
-11019
14282
12150
-5700
5567
-12335
6386
2744
-1769
2679
11623
7381
-5778
15335
12449
11621
-10227
12064
-2015
-9210
2745
-11134
-3334
3912
-11939
-7508
3134
-10676
1109
-10755
3498
-4611
4803
4532
-11251
-841
-10015
-2097
10881
-3234
3272
13338
10459
-12940
13721
14973
7974
11999
14305
-12669
-7226
11660
4134
5579
-2866
9430
-145
4327
-1864
-11228
-380
57
-126
1028
9057
-2594
13989
3398
9192
-9597
1458
952
-11849
-5936
-5898
-1195
-5973
6739
-11924
10281
-1429
-9551
-13738
1480
13305
6737
-4433
3679
8282
9527
8034
8133
7189
6633
4701
-4678
3292
5280
11800
2510
8235
-13736
-5805
-1552
-8103
-13586
-823
3712
-12916
-5922
-2260
-3594
9453
-153
13320
10704
1049
5783
9712
-2361
-2976
4662
-13234
4551
4019
3246
4223
5140
10953
-1670
-12729
7242
-6594
49
-12237
10317
-7001
-3296
-7154
-8449
15200
-8742
1192
3912
-11785
8473
1262
5970
-6873
-2183
-4668
12315
10876
14910
-13099
-1195
3565
-8620
7133
-8853
1555
3658
12964
-13436
-7684
260
11024
10283
-3567
-13918
1261
-3078
-5097
-6602
-2601
5003
4328
-5346
12890
10843
-3258
-7925
-13841
4540
10898
13248
4027
2851
6164
1367
6231
-56
2240
-4234
-12478
15072
-11736
11975
713
-5986
-1600
-4581
-11495
1330
7523
-6139
-8529
10716
-4593
-11239
2839
-5182
13167
-1264
-11984
3351
6743
-6451
5858
-3783
2665
11876
-9534
-13175
682
-2579
-10883
-3972
9494
6178
6176
-13293
-3298
2683
-8719
11990
14182
7224
15171
8476
-13468
-8433
4502
13409
-6523
12890
-6804
-7578
-10879
7326
5699
-3369
7400
13924
9454
-1772
15176
-1476
11481
-9342
-7043
-557
-3325
11824
-10779
1082
3401
-11996
3944
-9236
-259
10487
-6656
-10949
10218
5557
2717
6703
-2907
3588
-3616
1520
4241
-4665
5391
-2760
8447
13676
4036
-9547
454
11255
7758
13552
13681
7096
11206
-12397
13077
5890
-12021
-2117
3590
777
-10807
-10301
-802
6397
-3289
2552
-870
13277
-4223
13640
3194
12381
9976
-7764
10257
-250
-9454
3142
10006
-11901
6906
10455
10301
-187
-9447
-11467
7592
3459
10892
-12978
11560
-4007
10029
-10949
9002
9240
-4660
-10291
13240
9055
-11642
10484
-12281
7195
9171
-1870
4696
1722
-114
-3797
-8545
-73
5603
4582
-4223
14004
-10888
-13870
-6647
4002
2506
-11420
9421
-9853
-8897
-9249
1520
-1366
14899
-12907
-1168
5281
-3637
-6456
-7775
3338
-9788
-2269
4477
-8975
2259
-9163
-960
11981
12927
-12316
-12916
6348
-10817
4419
-8645
-9708
14019
-4142
-7482
-771
6094
11947
3501
-499
-7977
-10127
-8302
-10651
6670
8705
-5517
8551
6112
-9274
-6990
-6540
-6668
-6635
8278
8553
-13453
12468
15137
2558
10706
10694
14349
-5782
14748
-12761
-9232
-3794
2211
9734
-8167
2142
10703
10433
9394
-5165
13645
-1741
5693
14133
-8277
-5691
11770
-4615
770
14314
-11253
-5048
3955
-7071
9043
4769
4390
-962
-608
-1209
12520
-8825
10285
9872
5775
-9363
-7232
-11794
-12819
-13603
9676
12319
-8525
13792
-2111
2197
682
-4058
538
-12132
-9821
-5981
3601
4121
13933
-13974
-896
-8632
13182
4944
11912
-376
-12122
-10498
13027
-13693
-4652
12577
12560
-864
-9462
5265
7861
9643
12904
-12662
4234
-10912
572
2439
-3533
1029
4854
3210
-3195
-847
11783
-12201
-12153
-6005
3049
2066
2034
15170
2235
6731
2854
-2334
8344
-8798
-10973
-8563
13885
-12199
8252
-7980
-11051
-12566
1082
2763
-8634
2530
-6859
15147
-978
-5710
-12772
10716
-12125
10282
-9578
2011
1750
13586
-13727
10368
-7353
10583
2064
-2141
-13466
7221
-3963
1336
-5613
-1894
10123
6811
10556
11410
11847
-2161
9473
11932
10958
-2238
-4840
-7077
-5649
-4671
-11311
-12518
-6129
-9428
-4249
-10534
12326
-7901
-12092
9075
11243
7059
-3393
7179
3346
-4515
14416
-9775
-6098
12831
4459
-1683
9047
1037
4471
1456
-11244
8495
-3853
14223
631
-7220
-11580
10922
-3013
-1720
13172
9469
9648
-7961
-4029
-7545
11830
13376
4028
13918
9485
-9331
6129
-5864
-7720
-9197
4595
421
1223
-7963
-5669
-13609
-3035
15365
-11720
763
10897
1213
-5682
11176
11645
-11232
-3880
-333
-7303
-11045
9367
13934
-10996
-9406
-2052
-13587
8760
9613
-9197
-807
5839
-1285
-8007
7083
13223
7093
-2658
-3249
13283
8702
-3424
-6907
-4027
4759
13596
-13698
6937
-4650
-5429
-13451
-373
8642
2844
13301
-923
4989
-13788
-12216
8151
-4873
8507
-13174
-9527
-8186
-78
-9944
-4005
12359
-1092
2647
6678
-4825
8331
2132
-6104
3290
6086
4385
-2890
835
8037
-2327
-7731
-13005
-5434
-3453
3045
3103
-10012
-12702
-7182
739
1312
-11169
15231
-8514
-8986
-7439
6442
-4544
2333
11658
-4279
12273
13863
3878
-6404
11494
10045
2109
-11169
6019
-2612
-1650
-1576
-10866
-5926
-3432
-10229
-7257
-8318
-4963
4056
-1588
-4186
10980
-6195
2344
12844
4837
-123
14313
-6880
8614
894
12662
5910
-13697
1193
-7400
-3995
6733
-9839
-13844
-10835
1952
14033
-1136
-8658
-3072
-1324
-6892
12539
-10409
5922
-1637
6870
-11533
-12237
14645
-10514
-11476
1412
-5601
-11939
-13354
5262
-9079
-9939
12858
-5777
-13531
-10172
15136
14543
-3104
8004
-12395
7616
11050
6641
-12308
8829
-6875
13386
-8782
14838
4517
-3492
-7563
9557
-6764
6393
6908
-6050
-4161
-12894
-2163
-13490
-5674
-10682
-12123
-1707
-8565
13076
7604
3640
-9960
8344
-13771
-4781
-5789
11190
5646
-4064
-9142
11127
4011
-11175
5041
-6746
-10580
2546
-3272
13402
1937
-4969
2767
-3663
7270
8929
8391
-5940
676
13499
-10231
3685
-9838
4825
6268
9143
-8960
-5366
-414
-1996
4005
-5640
-6167
980
-11836
14294
3871
10113
-3202
-9495
-5079
-2222
-13682
-6855
-5970
-5910
12187
-2248
3005
3294
13301
9040
12633
-6779
164
-1696
-5839
3147
6963
1275
-9266
13239
3423
-539
3095
-6765
-6457
-5283
10873
-2144
7086
15085
-7660
15368
12138
-12873
2959
10292
-10778
5887
3296
11074
9298
1002
6578
2366
5318
3469
2720
-3192
320
10594
-3868
143
1981
11572
-212
1126
-8803
10149
-13159
-11807
14901
12779
3576
13462
4090
5270
-13959
-6568
-2859
1293
6081
-6827
1758
-8312
682
-8548
10998
4271
-2078
11979
10785
-7551
14383
2962
4181
6335
1061
-11522
-1622
9273
10752
-5809
10236
-11455
-5274
-11561
6229
10758
-8054
-10207
2588
5743
11231
13882
13447
-7190
-974
-12463
6677
79
-13846
-4127
-6129
1270
-3401
7645
-9166
15246
-5479
-9812
1821
2720
-11746
13996
-7887
-5234
-2266
6863
7263
-6341
3528
-7844
4515
4244
5089
515
2564
1335
5797
4618
1359
14925
-13090
5305
-1689
11488
6701
-8649
-11154
-3680
-4728
8575
6463
-5217
-3562
11177
-5512
-4215
-9945
9721
-1259
9290
11087
-2796
4516
8057
-12362
-8435
-71
-12485
-7674
3182
9491
12088
14075
6916
8543
-11980
-1657
-2876
-2247
6142
14755
9557
11159
-5090
-12664
6569
1660
-4691
-1597
-8708
-571
9339
1369
1719
-350
6336
-7526
-9778
13446
-609
-448
10867
12026
4274
-264
-4844
12486
10135
5393
1182
-9261
6796
11983
9168
-2497
4503
-13537
4507
4714
-5049
-13702
-11916
-3047
5441
4770
7419
13098
12598
-9799
15327
12837
-3390
9823
5060
-1950
10097
5877
-4795
-10179
-12292
9266
14809
-5684
10637
11813
11143
-13840
6742
10213
11164
-4302
-12842
9003
-4402
4528
9066
-11951
10535
6801
8183
-9637
-4184
5486
5923
7141
2015
10178
-12517
-5812
15205
2290
-8010
-1958
13874
-5679
-10268
12582
9177
-8770
14625
-13677
2700
10349
-4202
-4922
1815
8182
-12639
-9681
-5148
-7211
2758
-7590
10935
4575
10497
-4659
8695
-13681
2289
-789
-3140
1111
-4429
7970
2844
7123
610
9164
5666
-8040
13867
2186
-6788
-5520
-8222
-11704
11136
-2281
2803
13313
-1670
-5755
-8431
6041
9188
-9814
-8277
-2398
-4006
6288
11277
-316
-7383
-12227
-13541
13588
-13102
10717
316
12752
3787
1355
2131
-9124
-6578
3655
-9906
-3819
8533
4113
13813
2478
-8920
6860
3794
-10141
-4859
10649
-8959
1283
-5729
5152
-5675
-811
8098
8800
8664
7548
-1684
-7329
-4384
9724
-3925
-9205
7937
-2660
1430
813
-12173
-927
-5450
-7684
13261
13278
-42
13546
-13758
-5768
-9637
-750
-9683
3145
-8888
13762
-3062
8461
-13146
-5742
1352
2679
13713
-6144
-9771
-7811
-12024
-8858
1665
-10002
352
2675
-11335
12760
-3363
8671
-11420
-12973
-6590
-8766
-13262
-12023
-12158
3004
1487
5776
-1921
-7810
3477
14702
5878
-13923
-13017
-12394
6844
1888
-5236
7286
3222
14922
-12666
-8886
-743
2498
468
-3560
-11577
4678
-1533
1463
635
-6462
11387
-6997
-13937
1152
-10189
-2090
7435
-12074
12472
-4937
3727
-11927
-2487
-9729
-4632
6855
6719
14434
5392
5582
4300
1343
11946
-4125
-5754
-3757
12092
-6910
-12721
-4612
4437
3315
6578
-4381
-12897
-3387
-8606
-13914
778
-3804
-2707
8844
-13093
-1646
11314
9323
9813
-13578
13423
-7906
4824
-2319
-2022
1298
2686
15224
-8294
-4437
-11898
-5815
-10888
-2232
13915
-295
-5451
2237
-13328
7505
-4416
7789
4391
-329
7383
-9741
-7652
-10254
2369
5565
-3762
-9476
-4653
12405
-606
10484
-10090
3540
-4300
4465
14082
-5154
-10883
14649
-4638
-7346
10393
9249
5309
-4129
9118
9531
-13335
6574
-1062
-11600
-9517
571
-11324
4637
-5943
-152
-2381
-6113
-5882
6058
11838
7854
5871
-773
12188
9702
12075
-10834
-11579
-377
10432
2294
-10185
-5818
10499
-11720
4423
-1526
3140
-13547
-12621
1365
1333
-3029
-2156
-9231
-3203
4144
-2764
12139
284
-6851
2453
2798
-2172
-11622
-7370
5137
14568
7795
-1429
9105
7631
1646
-7019
-11843
260
12437
-2764
-5612
-10724
9993
11006
-3534
11331
14758
-9154
-10440
-7407
-11508
11352
-9078
-13562
12550
4146
-3617
-3756
9183
-13596
5526
3476
11075
1210
-3713
-341
7091
13415
6357
5195
5513
-5872
2808
5444
13427
4384
3644
-3469
1467
9397
1500
-11391
9563
6642
-4736
3579
11842
10490
12234
673
9978
-12259
-9493
-7748
-1510
1127
-3274
11200
-6872
-9912
-4699
2834
14794
12129
-6202
-931
-411
11101
-9539
4369
8896
1194
11652
15265
10507
-13931
-10767
-11511
4768
-12996
4686
14922
6221
3870
15304
2236
8754
7209
11196
-3636
12450
-3208
7027
7565
-5903
13511
3270
-2495
12495
10118
2650
-5785
1627
7738
2119
-13631
3499
-11090
4111
2412
14562
11910
-4612
9088
-7430
-7138
-8884
14267
-3188
-12133
-11587
1012
3097
-11335
-10446
4055
-7019
-7496
-11365
11790
1499
-9516
2539
3103
1315
-1202
3403
6277
3572
-1214
-2697
13053
-1827
-7260
3214
6981
-9110
1940
-7568
-5119
-11155
4320
-3314
13272
2589
1903
13973
-5160
-6016
10788
4583
-3715
11967
9408
8883
2210
-1210
-3490
1863
-11577
-431
13194
4169
9466
-10548
-2837
-4605
8221
14378
7384
-5391
-12181
14527
-11640
-12332
7266
-6359
1507
394
1713
7865
-2262
-7503
13387
9608
2815
10002
3393
4936
-13949
5515
3823
2251
6698
-4623
-12733
2005
-5105
-11255
-2618
5358
6673
-6190
-4285
-2047
-6172
-2991
4686
-10607
4021
10405
9410
-13558
2289
-4811
5223
4195
-8993
2103
5589
7357
-1364
-9145
-9853
-3101
7609
3310
15054
-8896
-4133
-4226
13187
-10636
-3442
-5791
-6391
5546
-6371
1135
14333
2321
-13526
-6342
11084
10981
-141
-5564
11497
12126
-5508
-1093
-3842
13041
-2570
13684
-10631
-3840
-12733
8512
724
-2724
-7850
5535
821
8602
3202
-12027
-13024
5159
1397
5089
10218
-727
-4553
103
-4388
4389
-7572
-13590
3423
-1460
-6685
10611
1643
-10139
3155
-9631
5366
12013
13519
15189
8274
2324
5278
11637
637
5002
6941
2916
-5588
12838
11768
11047
-2293
9640
359
-12101
-3502
13612
12989
4912
-12868
12549
-13803
-2263
-9749
11783
6882
-9879
100
-11937
-6382
12520
2887
11687
-9247
11374
8790
-5170
3545
3826
13416
-7263
1852
-8106
-10531
-8584
-7624
-3839
10216
4077
-6969
-12337
7121
10202
-5043
-5555
5758
-8660
14272
-5430
-2787
5806
813
-8403
6141
1235
4057
-1298
-5314
12132
-2957
-13792
-1583
-6186
9830
3175
13456
2784
-482
5242
12116
5592
4379
-6594
2054
2444
-2651
6959
-6709
1342
10530
5481
12867
-11182
5597
88
-6359
11034
5366
-13669
-12213
-11591
12354
10434
1468
-2495
-10714
-9730
9165
-3326
13329
-9976
-7436
3861
1512
14681
9818
-12428
14764
5705
-5716
-4213
-13417
10212
7381
1836
4788
14974
-11329
6895
-10587
-9022
-11353
-11547
-1962
-11571
15379
14817
3424
13644
-3946
6587
4692
2773
1995
-3892
1587
-13174
-355
-22
15230
414
322
-8907
3960
5112
-13323
4555
15198
9328
1737
-3251
8185
9387
14311
-5301
-10250
-4684
-3448
-922
9195
871
6567
11731
-3908
-8263
-3493
-7809
-12988
6630
-10326
11104
-4170
6970
-5904
-5099
8982
10368
-10713
3534
2057
8391
13905
-2011
976
-9250
-478
-6920
-2078
-11082
12375
12179
2005
-4307
7419
10833
-2170
-12991
-8019
-13511
-10675
-11183
-10713
-6272
9855
8685
-11711
8284
9500
-1156
6226
7848
10872
-6706
-6642
-2797
-6138
11044
10655
11809
12433
3650
5697
-4604
-6431
7557
-743
5677
9846
6541
-3494
-5229
-8545
2464
6841
440
-5840
4297
-3206
-335
-5624
-5868
10395
1744
7108
-12895
-7907
10863
9554
-13294
11828
-9925
-7992
-312
6253
1496
-3143
14088
8108
-8230
12446
9183
830
-8992
12827
-9577
13086
-4615
10504
-12112
-6018
6377
-8172
-57
8362
7686
11940
-5533
-8198
-5290
4035
-9427
13900
4398
-13458
-13975
6849
-10022
-8644
-4854
-9539
-13250
-3412
4622
-7215
-12255
977
1817
10911
-7368
3459
-6041
11287
700
-8118
13884
3718
6638
6930
2988
2819
-6199
-9407
-1766
-3950
7619
11075
10673
7092
322
-9724
-4137
9732
294
11895
-1381
14115
-12274
-1731
-1006
-11313
-2561
-8147
-1693
-9375
9597
-3743
9499
-10306
10593
9884
-2422
-10203
-3363
9279
11029
4209
11565
-5788
11522
4122
-5553
-7882
-12472
-2743
1489
-8193
6704
-12975
9184
-259
-6444
-2115
-6899
2122
5130
1132
10474
-2888
-2033
-7100
8361
-6026
-12036
10549
-3923
11486
-11959
6665
6166
-8563
-10252
13008
-371
10156
4868
4898
-2064
4205
9966
8864
-5981
4695
-2551
-4061
-6357
6140
-1640
-3664
-6364
-11848
-9112
-8053
13927
-10059
2128
8174
-4743
12285
-10225
11235
5801
-10779
-13114
-12962
-9778
-3896
-7290
-11951
-8278
7701
-6206
10922
-6060
-9998
-3059
-7735
-4816
6793
-9925
-851
3567
217
8132
5973
6163
599
-1490
2506
-8833
-6641
-13311
4648
-3963
-2464
3010
10662
-12686
10015
8956
-5954
-6856
9467
8911
-1810
-11527
5253
-3602
-5110
15424
603
10450
-1174
-1022
6254
13951
-9994
9358
203
-11850
9120
-5172
-8309
4791
-10012
-12580
2498
10150
-10208
15146
-10830
-1351
13018
-13425
-10693
-13553
-1217
3369
-5448
1620
11654
-1507
-3022
11402
-8132
8018
8969
12862
8397
-12955
4472
-1282
-4973
3167
-9484
-2661
-1653
9471
1712
7259
-2215
-11618
-4315
-11975
11355
809
-5467
-2561
8798
13150
11300
-4544
8779
12563
7307
-8442
837
14138
12158
-5790
-10225
5739
-4558
2468
-4061
3063
7026
9060
-2028
3607
11799
-9784
-9490
6410
7959
-12200
13234
13371
4654
14451
-5574
-1338
-7256
9781
3615
-4649
3160
3014
-8106
-6302
12293
-4380
-4072
8203
-6271
1625
5988
-4274
-6671
13601
13660
5659
7604
14502
11965
1619
-36
-6977
-12430
2758
-47
-8826
10008
12550
13505
-1067
-6672
4512
-220
4169
-2277
-13266
5522
12548
7696
5210
2086
6073
5355
1946
8475
-6331
-7567
-8867
-11091
8729
5285
11638
-6860
7892
3485
8249
14622
860
9365
2581
-6547
1448
-10532
-13859
7331
14059
1467
-13427
15191
10988
8540
9315
-4653
6393
-2399
-2147
-1069
4674
4676
9751
13585
9734
7236
-10473
-1538
14166
-8040
4156
10631
15247
-10468
-13331
-5625
15356
-4236
-1527
9975
9958
11961
-3908
-2735
-12031
-8054
-5370
-8801
4717
166
12612
12011
2327
1609
-10714
14294
-1948
1999
-8109
2182
-6290
-9043
15389
-10722
-11822
-9410
-8419
-7344
-708
-13810
-144
-7667
5943
-8606
-1143
8716
-13304
15096
563
397
3199
3367
5209
-9496
9138
9313
-9156
3319
-12880
152
886
5638
1918
-642
-6540
4673
2783
7850
-12140
4184
-4819
-12024
966
-11026
-9337
-8829
11486
-2067
-10891
14834
-8064
-6384
15202
-4768
-13914
1124
-3732
-13320
-7213
2007
-12405
-8668
14740
10090
6194
602
-4068
-8628
4001
-12191
-7879
8144
7310
8635
7476
11518
-10974
11713
12817
-3661
-9788
-5206
-4603
-2553
-11717
5513
-4850
8720
2575
-817
-6652
-8957
1382
12542
-3401
-4991
8486
5879
1623
-12268
-13781
-11978
12150
2393
2061
3169
5203
2611
541
10542
14795
8228
-3496
7498
1200
8990
10134
13929
12605
10018
11425
10660
-334
11140
15081
10400
-12983
-764
-35
15114
12456
1621
-6454
-11833
-4623
-13964
-6785
15054
1455
2695
3388
1812
9632
-13642
2979
13092
-931
-11583
-4185
-12483
-10035
10284
7403
13367
6485
-12728
7564
7666
-11550
10132
-910
-7805
-10699
7512
1307
-11727
-312
9211
379
-10125
7279
14614
-8899
7847
-13618
2761
-10925
8853
104
1714
15010
120
-12864
10016
9436
-13035
-7052
-12099
3335
12256
-3928
927
-11891
-12236
-13600
-5799
-1819
-4245
10078
-12913
-8663
-1486
11504
-12449
-3460
3349
-5789
-7692
8312
-8818
-11282
14543
-12501
-8507
10735
-13356
1012
4520
-9228
11272
-11996
-9284
12015
-11614
6321
14871
6342
-11188
7338
3906
6972
-7062
7222
-10436
-12627
-126
-4911
8320
-9910
10931
3159
13262
5640
6463
7927
7123
2845
10156
-12505
-331
-7443
1057
-3812
-9022
4140
11947
-10326
10873
-3295
9463
3721
-5685
11022
14954
-7137
-7875
1439
7138
-2357
-7371
3167
-1545
-10141
9496
-6606
-7361
5858
14778
-1568
-4066
-12652
-12254
14954
-8769
14326
11573
-9313
-3384
9891
13399
-13213
13029
3469
8617
12993
11103
-6118
3417
9755
-5721
5643
6222
-12789
-1464
-1058
-12250
4773
-7770
5124
13160
8352
10543
14415
-1352
-6928
8414
-11803
13596
-4766
8815
13534
9104
12511
6937
-538
1219
-1571
10169
-10428
-11511
-10530
15119
13229
-8331
91
-5831
14532
7055
5244
5975
-4964
-4202
13110
-1824
15266
8776
8944
2291
-9309
10666
13983
4969
13731
-3798
2224
12104
-2505
-10912
3143
1852
-10785
7705
-2493
4214
-1502
-10538
4468
-9926
8521
13639
3746
-8463
-10783
-4602
-4464
-9800
-10409
5916
-10517
-10428
-3277
-2646
-3954
10496
15204
-1068
2327
13571
-6845
-5084
-491
-13100
-6152
7471
-4033
-3245
4084
1044
-2838
-13076
230
11190
993
-10025
-3638
7389
-6027
-13972
-8370
-4635
2683
-3765
-2931
8600
-7848
-4949
14991
14022
3598
-8827
14036
8468
-10124
-1118
-7810
7359
8136
10717
5966
-10638
11138
-5484
-8767
6474
8761
15405
-11092
6555
-12292
4956
-8599
-1095
7254
11535
-13500
7498
1765
14503
7523
-6766
9497
-390
-5794
-10009
1876
11190
-497
11705
3908
5899
-3609
13235
-3373
-11938
1351
-4370
-5286
11474
-10568
-5282
2421
-10660
11337
-4272
-8389
-12906
5577
-1298
-12298
9120
-7616
-7295
2031
-3265
14847
-7758
14422
6794
8518
6342
-6013
-12959
4440
484
-5905
12917
-13603
14138
7178
11444
9121
55
-7839
10614
1989
-10854
8747
13495
-12663
-12986
-13491
5344
2511
13416
13435
7532
-6893
12271
-8836
13109
-3878
11523
13029
-8089
-8220
-3600
-1629
-2875
-7577
12970
-11787
-1131
8304
10226
2881
-4149
-4737
-5411
-1557
10491
-10645
12200
5709
3666
-13919
-5041
4350
-8463
3881
7633
6758
11716
12272
-10896
-534
-9058
-2947
13721
9364
6122
6413
-8904
14548
-8825
768
6184
-4910
4057
-11898
10021
11323
11199
-8595
-10992
-10249
-5602
3735
12908
11122
11178
-3121
7426
-4941
584
11531
11910
1566
-12189
8529
11535
1728
-2931
-5366
-9554
13163
-6315
-12700
13972
-12427
7084
14287
13408
14136
309
14612
8127
-3028
13573
5895
-6906
-6055
3678
12630
6525
7774
1919
1643
12295
-11070
13610
8183
3268
-444
-3364
-13925
13865
10486
-13046
-1824
5989
-10224
3023
15363
-11651
-12206
-2361
7967
12006
-1269
5736
-7431
6355
10613
-10207
3755
10166
9981
7808
-7344
-4599
-10629
-321
-10699
13849
14234
14428
11588
6521
66
9807
4201
4795
-9852
-7939
12972
12295
6622
10584
-9694
-12141
-12669
8282
4232
14850
-10015
6016
-13024
3692
17
-209
9763
13761
11845
3805
-4788
2392
10197
14825
-6734
-13331
-3803
-9479
-6904
13996
-6725
10649
11732
10897
-6699
-7566
-10603
-11655
5225
5525
-12567
-8632
11435
-2284
-1717
-9850
-4483
5434
-8527
6065
8484
1342
5501
15053
15383
-8248
6821
8943
4349
4458
-625
11671
7260
1607
-12260
6968
6243
-10528
-7489
-9600
13983
11093
-2161
-10034
-3553
12242
-11798
2670
-6625
3439
5789
-2991
-11397
-9224
6927
-5641
-6130
-5073
9472
6668
646
831
14026
-6132
14790
-5170
12257
-2803
-8316
5140
15021
3161
5122
13098
9212
5565
6352
14146
8992
3343
-5023
5281
-407
6463
-7424
9414
5657
15105
-4047
6598
-8509
-8738
12451
11846
9929
-8347
11676
14581
-5153
-10987
7456
-754
1954
-3415
11237
12856
8493
-13392
-7774
9160
-12433
648
3901
6485
-852
-10541
-9868
9351
12262
-5053
10323
15389
12675
-10165
4010
6418
-7362
5565
6462
-12691
-4909
-433
14418
-2955
14062
-8006
4365
4208
13188
1778
13263
11802
6437
10660
-11223
15154
3767
2443
-1004
-11167
1673
-9885
-10985
9742
-1528
4807
-12655
-945
9690
9370
-760
6676
-4547
14801
12617
-3570
-7464
-4607
1712
2476
-5361
-296
-11181
6817
10644
3869
15272
-5273
-9014
1063
6901
-5290
14993
11312
-1463
-3792
14246
13248
3994
4443
475
10204
3270
-9732
-6910
-3383
1217
2676
2223
7871
-6609
14720
-13207
8632
10816
3340
-6644
-1514
14722
-8542
-5629
4018
10326
-12437
-13885
-1156
-3665
14594
287
15388
-4894
-2547
2174
3872
-6579
8004
-3339
12459
-5916
-6915
-11866
-10438
-3092
5805
6692
-9954
8242
-1971
-1293
-13180
-13577
-7180
-5451
8517
-2208
4208
3097
-6309
839
-12183
3158
-10595
11071
-9911
-9890
-13865
2320
-3062
-4344
-9715
10297
-13242
-11309
1838
13695
-1947
-6756
3707
13874
-689
-5790
14660
14286
-4208
10815
536
-2366
8951
10778
9967
-7371
-2061
-2473
-3830
-2121
11046
10107
-1101
6901
3428
7404
-6050
-11942
13166
13801
15361
4652
8241
9860
-13605
-7591
-1500
-8464
8583
-7641
13971
-13832
-12551
9536
7577
9191
-10227
3816
5443
9463
-10083
870
4371
6596
2712
12506
-5787
-13897
-824
13763
-5743
2064
14971
2833
-9445
2311
-5274
3219
-8124
-6213
6452
-11956
10773
-8529
10324
291
-8635
-1877
-13510
-8718
9916
2354
2795
-12124
7484
-3073
-10392
-13085
9502
14387
-2880
15385
-5396
15074
9655
10468
2605
-11684
-4373
1897
6037
-4898
-1658
14154
6815
923
-1482
-4679
-5515
-13676
-4703
-2269
12543
-9784
-648
8191
-5109
7401
-8682
3144
-4707
-12655
4738
-9278
5055
-6263
-12488
1303
-2765
5876
-9098
1261
1325
1521
11861
-12282
-3952
2897
9388
15197
10984
14100
9421
-205
5382
3530
-9493
-2676
-12758
1399
-9196
4885
11316
-12922
4697
3758
6599
10718
10122
12476
-422
15162
-12839
4749
1885
-9103
-3489
-10465
8857
7874
12916
7876
10432
1174
5966
4153
9581
-9617
4254
-10196
6908
8434
8025
-13317
8772
11537
-8873
3174
342
-13803
3311
-8233
-9958
-9252
-8519
-10746
-6140
-1183
14083
12495
15358
13739
14296
12886
14963
-1940
-11536
-7973
-7870
-2938
3350
-5206
6912
-9352
-6518
-9184
-10303
-8801
6223
5085
13
8548
-8173
-5548
-12154
3191
-3081
1828
-968
6450
7730
1079
14040
-7080
11791
7676
12026
11373
-1388
8289
3961
-6536
-2146
14337
11400
12921
-6455
14837
4563
-6297
10394
-2147
-4873
3430
13158
-3464
557
-1780
6150
-11498
1832
2601
-5141
7541
12654
-13305
8884
-8967
8269
-11167
-5351
13822
-8101
-3690
-5423
-11875
15358
-875
-13105
12510
14766
1412
-9542
-12270
2668
6552
12742
-1641
-2737
165
1836
4078
-6481
14378
-8694
-9158
-4758
7302
-10856
10514
11803
13189
8557
4364
-13923
567
-7902
8990
7354
-7619
-3507
-11232
12626
-2339
13252
-9123
13416
7119
14071
6021
-8623
-8791
-9017
6516
771
-6396
10471
-6004
3798
-9786
5199
13423
-12152
149
-5766
10093
-1453
6102
-1442
5856
6338
-7319
5036
-7877
1114
10641
8877
-6597
3303
4336
-5187
1403
-11909
-12820
344
-3421
-10016
-8512
14448
2634
5744
-6276
4385
-3191
-175
9541
-7319
13724
11571
15134
4744
3144
13786
-9222
290
12252
-10328
11182
1738
-10459
5672
10657
-1841
6545
-2711
-9372
462
-543
9504
-1915
-13807
11051
6005
11973
-9926
4588
-273
5502
-13209
12173
-2521
10081
-13532
-9629
14643
1798
3985
-11364
-11777
14163
-9534
14441
9805
14010
2447
12655
1179
-7563
12744
6280
-1570
10002
-7915
-5914
10364
-3659
-2401
-331
-12559
-2607
-6399
-9805
-2254
2210
3252
-8272
-1044
-1459
-13069
-858
-12335
-10861
-4702
15404
6547
6061
-9601
4692
-7143
-8739
6848
6804
8186
610
6149
13602
10723
-13179
-4764
-9336
6541
-5483
14732
4178
2615
-8728
11253
-7117
-1384
-7436
4831
7058
-1471
13629
1339
-3332
8382
-12278
-5413
-13277
-1104
4914
6352
4567
-12960
2995
4793
-3833
-6468
-3138
-1679
8529
2392
-5406
9560
-1296
-11639
2524
-13173
-2895
-9162
14104
13882
7311
-5651
-4017
5879
-292
-13009
15295
-7707
-9683
-2547
-6292
-1654
-13338
1515
-9808
-9461
-11340
8288
-4097
5720
-2378
3740
4390
13632
10134
2703
-8288
8439
-7720
8525
1256
8689
129
-990
-2389
14294
7278
6074
12076
10889
3163
-9652
-5886
2923
-9622
10859
7009
-3652
5447
593
10102
3339
-12945
8300
14654
4080
-8027
6129
-8295
4841
3974
12678
-9502
14929
-5054
12212
-12538
-4538
-5321
-3680
3756
9890
6369
-10013
6059
-2059
6369
7985
1403
6799
-12639
-10784
-9373
-11206
4156
14444
-1787
12966
-2565
-13190
1979
7552
-4406
-744
7759
4369
-7286
2862
-5133
194
3305
-10968
12976
1964
-10615
5172
-11134
4358
1649
-3544
-1215
10324
-8339
-4978
7861
12040
-4975
10552
-3978
-13678
-4396
10979
-5378
-999
11004
-10940
10701
14187
-8966
3302
-2242
12168
-1272
7636
-1910
9777
6726
-9107
13493
5979
8720
12915
-3701
14631
-2491
-12988
2322
348
14345
5221
3096
-8247
8050
-2219
5358
3695
-4524
-12114
12339
-5810
1805
2266
-308
-1131
8547
-8495
2487
-8276
7457
-8756
4072
-4560
10833
-7133
-7191
7902
-5589
-1657
3057
-13495
458
-4671
-11562
-13405
2977
-12832
-13535
13979
-6195
583
12761
4656
10880
-12522
-7485
5263
8503
9720
12414
12017
12727
-10396
12173
7717
5378
-3638
-5778
4651
13312
-5299
1128
15008
-5048
8694
-13175
2610
-265
11807
13206
8325
3524
-13267
-1975
5941
-12066
775
1930
-4421
-509
-11864
-8806
-2249
-6820
-11014
-3098
-2888
13884
4182
5160
1026
926
-11473
8797
3656
-1806
95
-12105
4171
-12702
1300
-4706
153
-3877
8233
190
7101
9988
4460
-12800
4724
-9516
7892
4283
5096
-7407
-5926
-5324
7828
6589
-11100
-5268
5183
673
1069
-8172
-2899
-5175
8461
7650
-3670
14653
1263
-3005
-8063
11841
5405
10253
10463
9523
7389
-1559
-10281
-6056
9787
10275
11540
9009
-13157
5944
2541
-667
-1575
-6219
13584
-9745
14875
-9134
13778
9461
11307
-2614
7771
-10039
-2723
3384
-3115
6462
-13548
-13516
14735
-3876
11283
14843
4637
-8250
1748
12937
1558
-2746
-8765
-426
5790
-2594
782
-5636
2887
2599
-10233
-853
5289
6371
-12743
4368
3147
209
1175
5261
-5684
-7757
3603
1959
-792
-13351
-10656
7477
-9474
622
10767
4497
6288
1889
-9262
1427
8062
-12662
-6373
-11699
8585
2448
5283
11629
14304
-3896
3817
-3609
-5162
3469
4445
2288
7362
4190
-11609
955
14978
13026
-12554
11984
2758
11357
9423
-3527
-5789
2869
-4390
11011
-6107
4113
-775
7588
-13503
2418
1039
-12057
-5282
-12617
11108
8016
792
-7791
-12681
-433
9825
13538
-2986
9019
-13259
4121
-9342
-11029
-2519
-10287
8172
-2858
3247
9061
7407
-10339
7915
7940
11144
9957
11300
-9677
-1277
-1482
5896
-7727
1999
11514
7840
13097
7399
-4288
13616
4428
4702
12801
5858
-9933
-6024
7187
201
14895
9297
7765
-1022
-7162
5172
4409
-12787
-7769
-3916
-8412
13565
-3585
3082
12139
463
4622
4408
-8506
-6202
-9307
-215
-13253
-7640
-4315
-7908
3409
-258
11039
-1556
6773
5784
7073
515
11468
3525
10610
-9932
-10212
-6035
6797
300
-6914
9588
-2895
-8854
14135
-11940
5730
830
-12012
5690
-4880
-6952
6205
9397
11203
2334
9075
-12763
-2975
7463
-5279
-1325
-6581
13797
-1716
-791
5698
-7732
-2719
-12326
5955
-11984
12439
-13938
7858
6717
-7180
9957
-5595
-4709
10229
9291
2578
5153
532
13992
1302
8772
-5976
12534
-13942
-3410
-5411
4379
-10038
-4922
1979
-5632
-10788
-6471
-4652
-4881
-10859
-4199
-7805
-9920
13961
5593
3178
-3959
-779
3071
10368
-8450
-10306
-11910
-1658
-13261
9000
5300
13248
-2903
6382
2204
-8463
-9015
3669
13449
10358
-13648
13555
-6010
-10721
-7003
13506
-8413
-2252
-3338
-6474
-3258
-12607
13259
3990
7942
3875
-12652
6956
4288
12298
13607
-5180
-8127
-5520
-10796
-13431
1839
2028
15348
8876
9104
-620
-6119
14275
-7588
14348
-719
15180
308
-5031
-10058
-7006
4125
-2966
5661
-4576
5557
-3897
7668
-40
-7237
-5923
-9735
6537
-10337
-2304
11086
5427
-2301
11866
584
13317
-320
11104
-7326
1807
7651
-1434
-7527
3492
-155
13622
6549
-5612
2858
6980
-12646
-9170
7807
14610
470
4002
2232
15324
-762
-1576
8826
-12159
-4626
-9045
-5618
-7341
6364
-5848
4731
11440
-294
-10087
11716
-4224
8449
11593
-2426
768
12620
831
12620
793
-10972
-8073
852
14486
8349
3820
-12954
-9750
14284
-1916
-2674
5171
-12647
-2758
-2061
-9833
8428
-1791
10118
9982
8758
10169
7086
-2381
-13263
9398
-8671
10722
-6244
-6100
-9415
7111
-110
-3449
7098
-2153
11234
8531
12216
8436
-2931
-329
13045
-2303
4223
-3745
-7334
7452
11550
14692
1188
-3298
-4412
8251
6355
-92
-11280
-979
-6507
-305
2037
2275
7900
-6770
7652
8215
-11737
-7690
-8703
1683
-9006
9526
6042
8685
571
-3354
12155
-4458
8241
119
-13130
3003
3637
9723
5393
14187
7757
15386
-5843
10635
-9280
-11043
5143
5058
-4085
12338
-12826
-3002
4490
3875
13678
9947
3619
-3914
-9210
1828
-3272
-4085
5363
-6766
12595
-3040
-12895
1763
1809
-30
5600
-12263
-13843
6755
4718
8245
-4431
5857
-3892
9989
-3732
-2231
4369
-8199
-5011
-8469
3493
175
-6150
-3702
-13331
289
14215
5165
1945
-12131
3193
10268
-13962
-5272
-9017
-12669
-11538
8247
-8305
14361
2914
-13467
2873
-4066
15344
-1069
830
13499
-2135
-564
15142
9588
5666
-12436
5839
10400
11898
-10660
11481
-7954
-6632
4387
522
-10149
2066
1787
-7429
7337
-5410
-10116
-7314
6846
15414
-7514
-5271
-11234
-11257
3190
6519
-1203
-1792
1928
335
6393
4567
11809
-3799
3229
-2619
-793
342
3312
7892
-11521
9207
1329
-4080
8405
4534
-11897
5849
11946
3471
14133
-8346
3160
6836
3211
-2379
1804
-6901
-7384
214
8427
-1145
7800
-2112
-80
12483
6616
14355
-7948
7313
-78
4705
8946
3645
10049
14929
3306
1470
-12779
13211
11596
369
-9969
-960
8954
-4496
7973
-5222
9880
-12520
-8514
9546
8336
-8452
-3716
-4781
-681
-5243
-12561
7380
3755
2014
-4259
-8299
10620
-11274
10055
-11816
-2784
-13566
8709
-2151
-9511
6475
-12042
15192
3063
6511
958
-3903
-965
2827
-12735
11865
-13784
-4293
6165
-6285
12847
2679
-1178
-3051
13402
13796
9708
-11479
-1874
-9982
6129
9464
5201
-4722
-10141
9262
-777
2815
14434
14572
363
11932
7841
14834
-7306
-7842
2195
6643
13878
4268
10172
-3607
-155
6586
12513
-13607
243
14227
-3231
-2265
14903
-1260
2251
-11814
13046
2429
-1789
11762
-10641
3970
7586
-3107
14240
-3242
-9244
3963
10407
-9937
5135
-2149
14332
-9293
14682
-13861
6763
12586
14759
11538
-12436
7716
7717
-5959
2214
-2680
3688
8572
-4698
-1714
5010
-9341
859
4028
-2683
-6135
8439
-1697
9756
7873
12423
-13483
4345
-6858
11465
15366
-3206
-783
14034
-2151
15235
8257
10237
-1048
7984
7372
-9610
10765
8209
4157
-570
-158
-11005
-9031
386
970
-11794
-5467
-9681
-2888
-9804
-6613
-4760
2223
-4544
454
14347
6704
10601
842
-7740
-9918
-3191
1328
11322
8683
-5579
-1491
-10156
-8491
-8608
-13430
-7205
-11912
-1187
3791
6975
-9326
1192
5888
5905
1289
-5022
8190
-9658
4208
3766
-460
-10311
-6982
-7581
-11418
15066
5398
-13246
15178
-6795
-13428
-6643
-5550
11519
13406
8274
14054
1117
-3592
2706
-9429
-10194
-5086
-12299
-11890
-9498
6064
-9300
12213
11119
-11079
-11720
-408
10579
-10598
-4264
-3138
12295
-11633
2469
-9510
-4526
13589
-2082
5591
-5923
186
1553
-7118
11062
-11631
13425
2432
-4444
13963
-6863
-10394
4128
-9972
14814
14220
-3672
-7527
8551
11165
-3617
-6784
-7588
-6720
12314
4518
998
-2010
1501
13911
-9111
-3679
-7158
-13097
4237
-6738
-9554
-4473
991
6303
100
14385
-4782
-966
7381
-602
6415
13726
7282
-5663
154
-12321
13712
-11659
2890
-6105
7949
-1769
9847
-13951
-547
15120
10079
546
2902
6945
-10000
1923
-822
15162
-10649
-8484
-4441
-6650
-6085
-11686
13422
10506
4138
-1155
-5793
-3901
1607
-12310
-10732
7826
14999
2836
-11209
14833
-8273
13407
-8806
-10261
1937
-6427
6912
-8093
10572
15264
-2496
-176
5582
-9958
7267
3250
-13399
-3627
14132
-2540
6584
-4826
2534
-3353
-2377
-11698
-3065
-7905
-10283
297
-1563
7300
8727
1650
12647
-949
-7558
12711
8776
-13009
2440
-4767
-7799
4943
9395
-3592
-6563
-8185
14991
12256
-358
14115
-1864
-6690
-7257
12109
-4899
4186
-541
1727
6188
9187
2306
-11801
13528
3455
9090
10050
-9496
12129
-8604
-13781
2341
-8357
-498
4103
5830
-4420
-7114
3015
10707
10310
13720
-13716
-1838
-12826
3171
-11246
2536
14895
3257
-956
5299
1172
3196
14664
11072
14225
-619
-9782
8612
7801
-921
2097
-12112
-13112
-6120
15041
-3476
9787
-4227
-6054
-8749
-3691
7693
22
-9659
3403
9729
-403
3329
-6235
8299
1261
2073
6780
-7755
11865
1537
-3379
11046
12031
-13932
-9119
13858
-2501
1228
11231
10339
-10700
12892
-12048
13487
9759
6327
6928
-7783
-13817
13163
5513
3567
11520
14436
6616
-900
-3973
-13043
-2546
-2346
-10871
10146
1596
11967
6313
-238
-13198
-4376
10033
9439
10897
-3665
-1775
-2011
-11904
6633
-7531
1446
-2547
-657
-10172
1234
-10198
-9261
-12021
-8379
9057
-10354
-3315
-5400
924
-2219
7600
11318
3640
-13408
11956
-10746
4903
10359
-9571
4053
-7704
-1143
-12587
10330
8427
5306
6996
-1427
8674
6678
-12766
2099
6870
-6947
2869
14417
13789
1359
8508
12930
7232
0
11381
-11313
-651
6650
-10944
6204
-13853
1381
14295
11854
-6238
-3061
15308
-13156
13810
-8440
-7519
2573
5653
-7899
1879
12671
6414
-13424
-8314
12243
12079
-9158
-9582
12547
578
9609
4648
12406
14209
-2803
12648
8823
14529
2575
13767
3991
-1301
5296
-13908
13947
13090
4436
-8222
14655
-1604
4782
-10788
7295
-4592
10808
11374
-2448
-3005
-4699
-1749
-1973
-8621
221
10832
-3262
12139
-2152
9900
-4551
-5279
10256
5272
-6370
3242
-8284
-2850
-5208
-9124
-8467
1482
6657
10837
13287
-3480
-1789
7858
-9046
-13454
13952
7812
-8388
-7875
-1593
-3792
-13015
-1365
-2619
-9000
12801
9595
-7723
4802
-2243
549
-7433
10276
-6958
11292
-8832
-2777
14635
2747
13302
13204
-6610
-12372
-11301
-4075
2789
1955
-947
-10835
2339
-1928
12196
7208
3639
-10177
-5707
-1749
-1409
-1107
14968
-5244
4392
-970
5213
6270
10270
12778
-12850
-5346
-13527
12377
-9601
-4236
-7627
-4929
8907
9323
10974
-11926
-6524
4616
4314
5882
6617
12845
-3103
2001
-1750
8665
-133
11876
11961
-2148
12175
-6
4990
4982
-977
1545
12600
-13568
9363
-2039
-7409
-10808
-12129
8078
7830
8732
-9190
9230
1638
10234
-1022
655
-2224
110
14613
1662
5449
-3840
-2698
76
11344
-918
-2614
-11848
-364
-3567
-6575
839
-10964
-4639
6577
-11171
-2401
-12819
4819
-7156
9447
-8757
3255
-9710
674
13311
-10795
3957
12585
-5729
5934
-7565
-10465
3988
360
11922
6567
-4230
15162
8999
1254
-11531
7053
84
14834
13060
3392
3441
-1545
399
-3617
7857
-747
5714
4387
5667
8866
-12459
5092
3624
-6884
11746
7770
-5859
6916
-10685
12887
-6503
11299
-12657
-272
9385
14162
7405
-6291
5474
8385
-10414
7969
-8498
10085
-13116
11964
7741
-8128
6829
-3016
14799
11258
9752
13363
-7963
711
953
-1470
3184
-873
1044
9634
-5361
-4164
-2324
14281
8550
-8174
3569
-7964
-5571
-9084
-6903
14747
-6225
14710
842
11308
1439
13970
417
-8728
7193
12075
-10648
10359
6099
6614
-1549
-13933
5737
4523
-2501
-5573
9231
-11308
14272
-4086
-5616
-3356
-2693
-4043
13297
-3820
13018
-11947
5717
-6194
-3518
14400
-477
3098
-11015
-7245
4406
-2369
2272
12614
-4576
10789
-8553
253
-314
3189
-6348
14119
8690
1264
2381
-3906
-6168
-8101
-10650
14612
-1108
6886
-12014
-6400
-4526
583
6833
-8939
10309
-13434
807
8364
-10303
-9223
-2487
12836
14394
-4286
9223
4173
-13550
5550
-6755
3350
-9423
12938
-12701
-10495
2564
-6474
4508
-1805
13340
1883
-10382
-5413
143
-3624
14326
2472
-8921
-908
-1454
7839
11826
4095
-3758
-11566
7746
2694
-10859
-7497
6597
4071
-303
11429
-5068
-9511
11128
1414
1256
-5172
-10931
6744
-10208
-8704
14437
7640
-4504
-4433
-603
-2924
-9906
5749
4147
-4792
-9854
-5222
9067
12234
-11921
-10357
5204
-5929
902
-6321
-13175
-8271
-9457
6866
9611
-13937
-9132
-11338
-12232
4742
-2102
8357
-8233
-7934
-520
15017
-6286
14857
9347
14361
2274
9674
-2753
-13714
9713
-515
7773
-1654
13957
14885
-4847
503
12507
530
-7929
11415
-6507
-5506
-4351
-2458
9386
7030
964
12096
-2554
8900
6368
-10417
-5878
-1935
-4438
-3358
-13009
-11234
-3774
-659
1818
7727
13752
-8568
2447
6090
-7764
10512
-185
-2790
-5694
3754
4846
5887
10821
-2673
1948
-1653
-7980
15256
-6272
2904
-574
8411
3535
11701
-5705
-4159
12903
3295
-2699
8936
8438
-5458
3563
11267
2523
-9478
5639
12641
13684
-4044
1003
3470
-6401
3195
3474
-6548
-7734
-6143
-186
13056
-967
9507
-11627
-1567
12348
-13183
-5279
-1636
1192
-928
9181
1986
-3541
-9847
-9087
11654
4672
-1104
-5780
-8089
-2022
13330
-10318
2683
4581
10949
8918
1178
-2293
15273
-7427
-1235
-514
1620
5562
-5979
-6701
7476
207
-11031
12038
-12036
6881
-2188
14183
7081
-10960
10279
-9590
9824
-12468
13650
4243
5032
8389
-13281
1283
-6216
-6838
-13211
-11042
-683
2777
13150
5958
8341
-9291
8875
9442
15362
-7219
13222
-2111
-1680
-1630
-2624
3308
6255
-8342
-12778
-9616
-13169
-12392
-10706
-1395
-6030
-12017
-13595
11029
12978
2190
-6146
9687
12673
7740
-4972
-11104
-11650
13733
6456
-4347
12135
-7300
-10557
5096
-593
11180
-8074
-10432
10644
-6110
13186
-7977
15354
-802
7867
-12523
4455
-599
-12290
15244
-13404
3736
14497
-9002
-11349
-9973
-9936
-1513
-789
-12399
8503
-9941
8699
-12653
13721
6713
-1240
4992
-4198
13413
-5692
14787
-10217
-5793
6329
7724
9572
2772
1645
11357
272
11629
10226
-3190
9352
-147
-7385
-12554
4298
-6778
-544
-13079
4350
10116
11142
2318
-10958
-12385
-4631
-3701
3136
11028
-11464
12069
-5257
-12371
-1753
12431
11324
-4491
-5638
14214
-7901
6966
3170
-7967
9385
-3866
15214
-12833
6181
4979
611
420
-5460
10326
-7136
13856
15227
-10189
14967
10343
2136
-12736
3743
-10248
13614
2434
2031
3575
-10981
-11310
6564
12179
13308
-509
136
12482
3296
-10725
8587
-7530
-4697
11538
14722
-8537
-3822
14770
-13902
8466
9411
3073
3750
14340
8514
5779
6352
12525
9149
663
-9290
11058
6967
15156
-8451
8244
-13203
2951
-7382
-323
-8922
1199
-12241
-12110
7456
-7301
3575
2630
10244
-1255
-8103
2952
10277
10047
-6704
-7692
13952
-13627
12228
3713
-10094
4899
3060
9214
7446
2240
1301
-11611
-4644
5198
3695
12131
9708
-1545
-3084
2423
-2311
-2867
4210
-3993
-6377
10267
1776
-8604
-4873
6273
-3747
-13577
14603
2436
924
11245
3997
12071
3866
-12636
-2040
5672
-8977
7570
1235
-2496
13522
2563
-6473
-3194
-13772
8293
-67
-11890
4340
4803
-2716
233
14005
-12611
-3341
-13398
12835
-8388
-4100
5546
-117
12355
9663
12580
-13374
-6355
-4117
-2606
10548
10153
1344
4019
9950
-13615
-8313
15268
-11790
-12563
7253
8072
2203
1644
-5174
-10521
-6845
-559
1479
6718
-7252
-12793
2592
12833
8327
5900
-4198
14055
3466
-9763
4731
11557
7411
-3914
14694
9376
-9215
13169
7968
-11608
-1868
-1005
-8813
10603
-13622
5395
12200
-9343
2348
-7049
-4764
-4441
-5964
-12687
4203
-4171
4516
-7770
-5978
-4041
-1950
-13605
3401
1244
-4501
-11167
2176
1375
-9382
-1445
13429
3805
2032
-10927
-13143
3610
13663
3933
-860
-13803
10978
14964
-11709
15413
-322
-2415
8579
-13151
-8381
7871
2691
-6216
10824
-1360
5620
-11816
2296
898
6399
697
528
14063
7436
-13137
2403
-5999
9858
5215
1202
-4232
8261
-5104
5830
11972
586
11326
-11641
13195
9997
-2534
-5129
8612
9230
-9669
-2006
7906
8246
14704
11489
9810
1443
-8318
6224
-1628
10729
-727
10285
-11111
-10589
6440
9776
1876
13376
-219
-13892
-6356
9452
-5602
6514
2829
9355
-11072
908
-12461
-387
-606
5098
7740
-9580
-13636
-6559
-3596
13089
-10178
-7914
-5298
358
7008
-7172
-11527
2261
-9581
-816
-2203
-11523
6436
-2923
5067
-11468
1914
14070
-6556
10667
8399
-3624
-5094
11489
11126
-9092
-10259
-4791
8688
-10433
3122
-1898
9546
9484
-7692
4551
-3514
7479
-1021
-10005
8660
-2920
-501
-9612
-3719
9589
7632
4716
1553
-8721
-3707
-6400
-6681
10391
4262
2312
-12054
7150
13302
8598
9655
-549
-5753
-10690
4300
6041
3446
-11109
2981
6206
11520
-2232
10772
10908
12321
5307
-12967
-5362
-7263
13718
-8335
-9335
3590
-8005
644
-9249
2738
2581
2927
1952
-4609
11336
-4789
9050
-5336
-11795
7478
-447
6449
-11473
-3094
-5472
-8866
-9185
-5115
5054
5679
8572
-6993
791
7655
-6887
1888
4112
736
-4376
12004
12434
10873
-12732
-8913
-319
12008
-386
6089
9463
-13284
10925
10922
9540
8403
12383
8049
-2455
-8450
1718
7632
-9558
546
-7279
-10426
9594
2743
-10379
-3882
4044
-8409
-7966
-11607
14922
12469
1075
11099
15341
7260
8114
-5873
15142
7631
-9256
-11180
-13575
-6799
-3720
11804
-11058
2735
-3595
1052
11960
-7328
185
-5041
15238
14372
10341
-12017
-9224
6589
-13419
14339
-11783
2946
8860
-2053
14166
10790
-8553
-254
14574
9328
-10830
6964
-2341
-8410
14929
-1908
-12532
-10418
-9792
-4288
14540
-10642
7295
-11486
-12435
6161
-12252
-6201
7548
6735
6049
-2371
13580
13643
14432
8259
1041
10076
-2585
1509
-4164
12706
12687
14883
-9503
-12095
6552
13090
-965
-11440
-5123
13670
-1347
7556
-10197
-9373
10568
-3541
2935
12546
-9454
11195
-1614
3157
14235
13113
7207
9095
2677
-3168
-6504
-1992
-9688
-12013
-4057
13317
4965
-2099
13950
14302
7509
7434
11085
1911
4181
-6795
-9554
-7103
15190
-6333
-8609
-3864
9760
3483
13500
-9945
-13866
6385
6447
-6667
8655
12028
-10312
15110
-1099
-11273
-13873
-5186
-4166
14482
114
865
3107
-364
-10460
5169
-13546
14398
4192
3412
2563
-4882
-4212
-6412
11408
5485
-1536
13633
-11485
-10973
9981
1085
-3104
8845
10966
11281
8109
1409
2087
-3719
-6872
-8012
1301
83
15278
5303
3828
13371
11542
-13371
-9586
11936
-11591
3418
-7972
4971
9150
-13565
-6895
10117
-8776
8069
2507
-5695
-12554
2297
3467
2835
-1865
10055
6397
-10295
4734
12729
7875
-5042
-678
2350
10801
13340
-2534
13039
10130
10178
-13929
217
-12756
1050
13238
-156
3007
-5768
3782
-7213
6538
1089
8621
4173
11766
12493
-10015
-11068
3656
-5995
-1282
-10142
14275
2139
15163
7760
-13103
2477
-5004
-9150
659
13973
-221
13963
516
5788
-11302
-5065
-3972
13074
-4946
-1571
-5789
12877
-6546
6095
-7298
-4610
-8031
10456
-11211
1820
13313
12334
-2864
12642
13118
-1676
-4235
8832
11771
-6201
-652
2678
-6551
8700
-978
14357
14620
12016
10749
-11930
9800
190
12273
3807
-7048
-6258
1332
-2943
10311
5152
764
2901
-1890
-8726
-13635
14931
4404
-9903
12616
-4118
-9040
-2260
11348
-5353
14988
5507
5974
5199
5085
-1226
4304
1991
-8732
11853
-12167
-225
4070
5597
620
10622
1361
592
9782
7883
-6055
7758
-12350
1680
13364
-6330
5457
10240
7808
-3868
702
-395
-10285
-6424
-8629
1506
4297
13301
-12201
-6031
-5460
-7981
8692
-11707
-13218
1679
-723
-9521
11255
2682
11555
1529
8472
4648
-2855
11575
12745
-10557
8256
2013
-608
-5117
15044
14192
-12442
-1023
3407
-2368
-145
-5747
9611
9139
-5142
-5908
-5781
-11820
-13307
13132
-13732
-11051
10530
15326
-8608
11833
8212
-7434
-13246
7834
-6717
-11000
8998
12359
-1623
-10824
7241
10122
8964
3234
-751
-2417
-1356
10802
2212
-6475
-10973
-11195
-2490
-5316
7750
9254
-594
6574
-8313
8784
-2531
14260
7200
11555
11618
-7002
7219
-13278
-13380
-1867
-9073
-10290
13144
8209
3632
-12967
10935
2716
-1355
1525
11154
-12592
-744
-1035
793
-6894
1131
10898
-5454
4403
-4885
-6989
-13695
10293
6452
8326
2300
10857
-13241
-6949
7058
2094
13054
-3716
2170
12488
-3905
10056
8840
10491
1426
7372
4461
-11876
12572
1143
6675
13262
8548
6209
-12462
5111
-3467
8444
-8406
6641
-160
-10761
-13920
14084
235
8203
397
-6392
-9856
-3217
15287
11277
4070
-6733
8470
-11924
2142
10268
3388
6512
-12843
-10634
-10877
-3207
-6848
-6264
9202
6463
10358
-6769
-6837
-11790
-5966
8919
11128
4134
-3275
-13175
2054
11457
-12758
12120
10533
7095
2764
5040
-2265
-3554
3617
-5624
-2224
-5181
-3292
-12891
-2099
9289
15189
7940
14704
3916
1942
5445
-7288
-1067
469
9236
14021
8169
-9074
12295
8013
6867
-11423
-6841
12260
-10580
11367
-8442
168
-9117
-4634
-10394
-7100
15155
7938
4778
-7813
-6183
-6179
-12592
-13006
-2913
-3601
11798
-2742
5092
7135
1412
-1843
12748
10361
1132
14192
10034
8196
6976
-4480
-5275
6587
6256
13226
-8835
4156
2582
-3800
-1878
2406
15278
4463
-2421
-4938
2037
8179
-11022
1311
7128
760
-11946
-13649
6339
6007
-4192
11263
-2341
6000
-4592
15195
-12337
-11241
14130
2107
1198
5178
6336
-12625
14695
-2241
-3147
-13752
10951
-6403
-10229
9907
3957
13258
-5937
-6079
-12502
-10782
-3115
-344
-6030
6438
8083
-1264
-4236
9087
14974
7973
5484
3732
-12438
5289
3759
5011
-5179
919
-8582
-11814
13055
11050
1996
2707
-4413
1416
9337
12557
-11231
1327
-3112
2036
-7852
-10509
-822
-9129
4568
13937
6395
5844
4774
-9178
-11651
-8701
-9854
-12073
8015
806
-6069
-3907
-13107
501
12922
6107
9613
-13650
-9913
-6364
10688
-6350
-7781
285
-10374
-6628
-6674
2389
-6987
6994
1074
13085
-3043
8408
8583
1602
-6029
5998
14710
-9175
-12399
-8432
-10645
-1559
15019
-338
6957
-5980
14860
-12583
5254
10135
-1878
-444
4744
-4797
1054
15418
12448
8511
2980
-5616
-11444
7955
-11701
4483
-13740
5812
900
-1999
-4161
-1061
-11790
-4318
5071
-9582
10034
5593
-7224
12970
-8082
-664
5473
4456
7480
-4838
7645
-2102
-4940
13966
7600
-7800
-310
4043
8364
6726
-7333
3146
946
2040
-3030
-10065
-9420
-7872
2722
9004
-11437
4475
1694
-5465
2400
8619
11470
-1162
-4664
11052
-7761
3045
15103
7059
-5656
13245
14429
6206
-7868
-8064
-6255
-1452
10913
7939
-3144
-3881
-4450
-8123
3691
8578
6172
-4884
-5104
9076
-9926
5213
-10632
10791
11661
-10426
4540
12183
7530
1738
6309
1289
-11846
4050
7985
14554
10968
14503
-11257
15155
-7734
-7280
-3395
-2950
13885
-7480
5121
4203
-8771
6145
-2454
-9268
-1887
15182
-4425
5872
-3481
-10419
-3735
-1693
-8273
4151
1350
15356
-1238
-10883
1989
-11150
11688
2956
-2292
12798
14598
-4826
152
-347
-7931
12396
995
-8460
10181
-4855
6402
6146
3841
-12581
-7417
14382
-2153
-13186
5838
-12520
10413
12434
14523
-9941
8733
12270
14179
4878
-11552
4225
4319
-12144
7555
6238
-8489
-7390
11127
-2601
8713
8061
8071
-6473
-2677
9679
8334
1940
-12783
13804
-9664
6205
12625
-4014
-13584
-2341
621
-2537
4037
14134
-6887
-5842
2527
-2458
14115
-4853
596
-9130
2088
11136
13134
-6568
10686
1315
10792
-5196
-12283
6882
6782
-9317
416
8731
-2760
9367
14518
-412
2095
-4997
4248
-9222
14574
9344
9892
-10992
12890
-1155
14718
9810
12471
7074
-107
-3819
11876
5297
-6480
3
4724
-13940
-7486
-11921
3791
-10725
5311
6766
6663
-6151
10366
-9113
11395
294
3228
1499
-4021
7421
-4532
13534
-9246
-13443
3547
-972
-13890
1730
-2049
-2834
-4618
11243
6398
-12294
-6915
10721
-3530
4102
-9807
-3
-2337
-9918
-3165
13697
8550
-6492
-7134
-5554
-12122
6659
3765
4670
1546
12994
-7701
7865
-5208
-8315
14394
8758
-4602
2779
-697
-10887
-7593
-5321
6308
-6340
-13427
-637
-6058
-1345
-4137
-12321
8328
12753
-12722
-2378
-6023
-5740
-2412
10261
-4607
10957
-2893
9657
5638
4734
10572
3026
6961
-1467
3659
5799
10854
6388
-13132
5954
10221
10539
4466
5405
-5337
4044
6882
2246
3802
-2819
12141
-8640
-7410
-9294
3589
2598
6788
3195
12564
-8173
5909
-9516
11376
4395
-10190
-6218
-9536
-5157
6156
2637
2269
9868
10047
-1176
7475
5192
-12656
5906
8998
4695
-12864
3695
-6989
12114
-968
1930
-10770
-3982
11276
10402
9369
-9743
6822
7171
-9608
-6721
-9312
-11709
-7942
-1679
4023
-8229
-8027
7537
8472
10542
9467
-9676
10190
-13882
13143
8275
-7294
-6669
786
792
5576
-4213
360
-4119
-8886
-8436
-5356
-1668
3850
8266
13247
-11692
-6835
-1597
-9183
10472
3257
10886
6271
-4065
7061
-988
8411
-9782
-10275
831
5563
-717
1317
5402
-11548
2313
7940
-5419
-5815
3613
-12650
-2423
7315
-4593
-3648
5248
13745
15192
-7981
-10170
4400
11080
11264
5246
5040
4392
-1938
15031
-4496
5510
-2297
11409
7043
-10168
5695
-4581
466
10376
-3037
14428
-1688
-627
4480
-11643
-4591
-8623
-2647
10211
-3286
-7769
-10755
-8542
9427
2193
13411
-1498
5916
5779
3829
2463
13576
5283
-8188
-8712
-4173
-10338
1431
8729
3997
-4877
9512
-3355
-10430
-13442
-7539
1247
-8992
-1632
8753
-11502
12649
5144
14472
-13382
-10145
-10338
-6349
-242
12686
-3055
14199
-4348
-7399
-6960
13358
2305
4012
3465
5357
-4293
745
-5705
4393
-1159
12319
7914
5109
-6660
526
-11237
7463
-2195
15388
-329
-7978
-11659
11123
-9458
3117
8330
-13889
-46
12844
3165
4486
-6205
-2793
-8534
-11088
-6069
6539
13119
912
-9327
-8589
-4042
4174
8137
-6519
-9796
-3794
9483
15086
-3787
5353
-10246
-9388
3022
-4219
-10385
9199
-5971
2661
7405
2199
-8564
-2138
14447
-9516
4147
12607
5483
6359
11230
-13908
-7078
12932
11940
9272
-8637
11374
-648
1641
-1261
-1696
2205
-6059
-12148
12712
8448
12245
3172
2279
-9989
-372
-6407
-1403
-5655
1970
-11398
10445
13697
-3023
14559
1513
-3251
-12820
11624
12848
-11781
-1339
-8679
4220
3249
2991
-4872
1721
-13131
10336
13541
-3742
-13232
-12308
-52
-3876
-11200
-12782
1887
14993
-241
239
1987
15193
-13825
1142
7613
-6358
-10683
1822
-7713
-7745
8749
-13511
6611
10285
6369
-13348
1328
5118
14575
8523
-7886
-7524
-9593
7135
4807
-7028
-5908
5685
14106
-11659
-918
11054
-11522
7435
8794
-12497
11145
12432
-1753
8119
-13360
3844
5141
1822
9561
1580
-11014
-7386
-6407
2252
2858
10048
-11694
1164
933
-7861
6919
11501
4312
-4273
-13103
-8656
14945
14247
12793
3817
6525
-12274
-5726
-4081
3305
10071
1346
-7529
1076
9559
11735
7743
869
-3691
7311
-1569
3512
12674
-6255
14492
5319
3329
-13573
13319
-2455
-7341
14881
7470
-13753
7196
3053
-5253
10604
3921
-2
-651
-10674
7518
1097
8772
3871
8963
-13142
-4475
2458
2497
14245
5342
8616
238
1644
-12848
3665
12325
842
15278
-9925
-9307
-13402
-1226
-12747
6300
-5024
-13227
-5149
6773
-8759
11013
14463
-7807
7958
5081
-3063
-4206
-3589
-5872
-2386
13038
5638
7431
3247
10623
12409
13515
-7505
-1936
12121
3299
-10045
4736
-13722
-6074
-6773
-2337
-6775
-10818
-3405
10397
-8415
-11898
-11878
-3921
5684
-13360
13474
-275
-10298
1232
1380
-2603
-5597
-9633
939
-6067
-1192
-4249
14915
-11764
4628
3216
-3625
173
-9954
12133
2784
-5206
-9788
11416
-5760
4101
1190
-11715
9826
6529
3709
-2380
388
-7190
6747
-4666
5806
-9451
-3088
7944
-1988
-6667
5748
972
8771
5932
8656
-2765
-448
-7564
14157
4222
-2533
-5130
-9517
9571
-7417
-2235
-12754
4345
7893
-1520
-11062
-10322
-1379
6954
-4130
2502
-3745
3945
3862
10496
-10760
6197
11771
13363
-1299
10205
-4893
12093
-2572
7675
1045
10339
-3759
6068
-1069
9590
-10838
-3817
-13138
15106
-3028
14765
-7927
-2612
-10633
282
9351
-2329
-4280
-3942
-3224
-10395
7730
-1172
-5094
-5372
14353
2017
14054
1235
-2742
-11198
11502
-4848
2207
8101
-1006
8057
10475
4276
-7680
3895
9112
-6125
-10071
-13785
-3804
13229
-13306
10719
-2002
9541
-5264
-4709
10763
14991
-10596
14648
225
-12475
-12320
-2620
10552
-5714
2185
5377
-2806
-3636
-3221
-5287
12538
5539
-10545
-12621
-2933
-13856
6131
-10299
-11241
6713
-12333
11644
-2537
-5005
12288
142
12849
-1954
4443
6740
3826
-12313
9102
1522
-8732
7279
9672
12933
-686
-5587
1373
-4096
-9476
1200
4829
4441
2904
13306
931
-7564
7289
-9842
-7667
-7307
-5949
7420
-13378
15161
5128
-5839
-199
-13678
-6104
14424
-6620
1111
-9655
-7911
-450
-6117
-2805
12128
1545
11023
201
-8407
4961
-1329
-7360
12425
-4600
1603
6103
2253
-12979
13649
12438
1826
13784
-4373
-8774
-1455
-5695
14793
2819
12727
-8498
-11317
1416
8505
14883
-11202
-7604
3374
-1829
-13413
-9105
-588
-2552
-4818
13233
-10523
12111
11552
-6369
7546
354
-2091
-7522
67
13445
-5892
5566
6261
-13649
-6010
15000
9674
-511
-7179
4098
13098
-10830
-12034
491
15054
11903
10446
6373
2773
4708
-13662
14471
-3000
-6530
-11599
-2573
-2162
-10107
7535
11810
14816
-10290
-5587
-3876
-5423
3160
-8635
-13883
-8668
-8554
1025
-2975
-10185
14125
-5525
-12831
-4616
-6538
-11104
-2499
6919
4977
6480
726
4674
-216
5298
-6948
7539
6732
2827
-8773
518
5528
14398
-8684
-13167
12044
-13341
-10374
-1903
2743
8224
-7774
15406
2696
-4363
4277
-1991
2929
4255
4811
14777
6479
-9278
8399
12613
-7940
-9503
9176
-9085
5169
-11758
5005
-3471
-9298
242
6898
-5676
-7818
12302
14076
9012
-7581
-8256
14295
-4974
-7826
11196
4856
-5507
-9055
-12383
-7313
-12426
9881
6322
-8595
-7784
5464
10901
-4852
-11879
4822
752
4191
-188
14755
9934
-2195
-1820
8960
-6183
-12726
-1726
9574
7361
5363
-3878
8891
-1092
-2915
-5665
-3931
-7512
-7382
10633
7250
136
13324
1513
-2562
-2710
-1388
3414
5308
12974
-980
-11269
1582
1603
-11161
-12290
-4383
13790
6463
4612
10843
-9848
-4799
13431
-71
-8743
790
-3941
-11481
568
4720
7550
13834
-11286
-1846
13353
-13368
-6896
13493
-3483
-13583
7610
-10593
-875
2873
-12368
-3488
-13886
3002
-6854
9791
2829
-3578
-3744
13469
-3139
-9206
-3641
1038
6723
9818
-12124
-11496
-4238
-2849
2049
-8921
-8206
-5685
-4220
6061
-8418
-8351
1936
3565
14422
-4925
-3995
10594
-5920
2337
11707
13364
-11664
13858
-1591
9790
-6951
-13874
-4895
11494
-12711
-11928
5002
6990
2440
-10663
11843
4718
-7052
4769
-7167
-9582
-8668
10375
-2604
-4769
1816
9122
-6744
-5124
3581
7831
1169
-1950
-7778
-7331
-327
-10984
-12514
6710
-3771
-460
-12371
11008
-13533
4690
-9478
-3940
2805
-13176
-5963
-4435
10365
9546
-10244
3448
1684
-9795
4327
9499
14839
-9548
2980
3644
15222
-10693
-13516
3183
10342
13055
-8322
-12326
1179
-10793
-3774
-6582
-10291
14413
10955
-12247
7414
7352
-6170
4474
6475
2045
-9302
112
-5793
-8757
-6984
-10213
6989
-13753
5872
-346
-6336
-5771
-11858
-939
758
-10761
-4200
-6360
11557
27
-2422
-9744
13630
13373
-5370
-2947
5642
-10356
-8242
13380
-5782
-51
10206
7458
9764
11215
4715
-2971
14695
-13566
-9581
10985
12950
-12664
2786
-10668
-3585
13873
-7418
-1092
4497
8961
-3211
5239
7140
12148
2194
1581
-6052
9563
12220
-7355
12386
-7543
-8797
-12600
-9205
-196
1372
11479
2143
14783
4351
-1961
-1920
12811
-12646
13198
-1743
-4026
-686
-3652
11693
14277
8469
-1070
-5562
3918
-5796
-9514
12638
1379
2847
-9358
-4313
-7225
-188
-3194
4163
-8736
2863
13608
4392
-8140
7017
-2459
11484
13671
-7317
-13514
-3624
-7360
-13508
-13153
15295
13934
13642
-11478
13590
-3174
-12552
-3527
14957
-354
13481
-7761
-10673
-3354
2457
-5147
6042
2665
-3973
-13010
14605
-3949
13752
-10031
-8825
-5749
1582
1215
1290
-6309
6677
-5730
-992
2485
-11037
-6730
-570
-3176
2629
-2068
-4442
2637
4661
11010
-7094
2846
9857
2048
-57
5449
-5550
2879
-1474
7062
-13966
-2388
-6021
14003
-8040
609
-5113
4399
6409
-4179
-6585
13536
683
13089
13167
-542
-9550
8191
-7130
-5615
11632
-6230
-1598
-13370
6655
12940
-7560
-8026
-2825
-6127
-13104
-2558
5351
12068
-9860
-10626
-12055
2537
-11052
-4866
-8277
-3148
237
-13042
11483
7169
11439
-13947
-1204
3817
5881
6281
3138
10420
5010
14514
-7405
10506
9813
-959
-6826
4328
8921
-4430
6023
-3330
6161
-3548
-4035
-1283
11127
3416
2503
5985
4016
4758
-12562
-586
-13839
10779
5436
-988
10572
-4425
3065
13222
12039
10276
13851
-3199
5345
-1873
-8596
-13966
6334
-7188
-616
-11000
49
-6044
-12192
-4504
784
14052
-1355
3220
-7496
-3544
6665
5459
-1918
-13507
-5518
7920
2579
11927
911
10294
2411
-454
-7226
2619
-7683
13687
-5762
12951
11862
3972
9926
-8033
2233
10294
7213
6538
-11916
13648
4936
12085
-4313
-8106
12843
-13454
10135
2641
-5787
-8262
-4577
3510
-10033
830
807
13745
-692
-10422
976
6259
-11355
-4796
7534
-3944
7379
9985
-3469
-9105
13217
-2634
3140
-5114
2875
13426
-1228
11219
-6335
10405
10863
-13807
10950
-8306
-12743
-10649
-5158
8343
1753
-5658
-6360
-6560
-13307
-8620
8904
10428
2195
4918
895
14683
-10936
-1458
-6812
-4181
-12973
-4283
-4261
-3090
-5995
13115
-7481
2828
-13248
-12910
-11319
-7382
-13596
-4378
1278
4066
-9030
-4258
13778
13666
691
-8600
-2457
-1866
2128
14244
-9251
10625
-12385
8661
7039
14966
-5925
